Frequency (Hz)	Level (dB)
46.875000	-46.451889
93.750000	-39.738384
140.625000	-38.703480
187.500000	-39.164986
234.375000	-37.592354
281.250000	-36.830009
328.125000	-36.377254
375.000000	-32.291229
421.875000	-29.946554
468.750000	-29.592491
515.625000	-31.745831
562.500000	-34.296379
609.375000	-35.822811
656.250000	-40.344830
703.125000	-45.239265
750.000000	-47.305149
796.875000	-49.793377
843.750000	-48.075497
890.625000	-46.879654
937.500000	-47.959583
984.375000	-47.948792
1031.250000	-48.622234
1078.125000	-48.708237
1125.000000	-47.900352
1171.875000	-47.727531
1218.750000	-47.594398
1265.625000	-47.191742
1312.500000	-45.756203
1359.375000	-45.764408
1406.250000	-46.629738
1453.125000	-47.644882
1500.000000	-45.169132
1546.875000	-44.882023
1593.750000	-48.046127
1640.625000	-48.834759
1687.500000	-50.532993
1734.375000	-52.191402
1781.250000	-51.781681
1828.125000	-51.549339
1875.000000	-51.401260
1921.875000	-53.003845
1968.750000	-53.316135
2015.625000	-53.634533
2062.500000	-54.575851
2109.375000	-54.551693
2156.250000	-54.929214
2203.125000	-55.795078
2250.000000	-55.918491
2296.875000	-56.278915
2343.750000	-54.137993
2390.625000	-52.950241
2437.500000	-54.329197
2484.375000	-54.333672
2531.250000	-54.397034
2578.125000	-55.141308
2625.000000	-55.456444
2671.875000	-56.276104
2718.750000	-56.540577
2765.625000	-57.188831
2812.500000	-57.675133
2859.375000	-57.766445
2906.250000	-57.704437
2953.125000	-57.429958
3000.000000	-56.649918
3046.875000	-56.577290
3093.750000	-57.465614
3140.625000	-56.306660
3187.500000	-55.531895
3234.375000	-56.096825
3281.250000	-55.225842
3328.125000	-54.672947
3375.000000	-55.393368
3421.875000	-54.541821
3468.750000	-54.069580
3515.625000	-54.478249
3562.500000	-53.944778
3609.375000	-52.948757
3656.250000	-54.707371
3703.125000	-56.059368
3750.000000	-54.531273
3796.875000	-55.398560
3843.750000	-54.502995
3890.625000	-54.056084
3937.500000	-55.738708
3984.375000	-56.289021
4031.250000	-56.452358
4078.125000	-57.399654
4125.000000	-58.080681
4171.875000	-58.555473
4218.750000	-59.402386
4265.625000	-59.503632
4312.500000	-59.908016
4359.375000	-60.927288
4406.250000	-61.315208
4453.125000	-60.979229
4500.000000	-60.670181
4546.875000	-60.011360
4593.750000	-59.691544
4640.625000	-59.671383
4687.500000	-59.713661
4734.375000	-59.782845
4781.250000	-59.836216
4828.125000	-59.726807
4875.000000	-59.903976
4921.875000	-59.506165
4968.750000	-59.407768
5015.625000	-59.580524
5062.500000	-59.373188
5109.375000	-58.780537
5156.250000	-58.615944
5203.125000	-58.915340
5250.000000	-59.644585
5296.875000	-59.880749
5343.750000	-59.957077
5390.625000	-59.291821
5437.500000	-58.833096
5484.375000	-59.298882
5531.250000	-59.551521
5578.125000	-60.103325
5625.000000	-60.762039
5671.875000	-60.502449
5718.750000	-61.061108
5765.625000	-60.491280
5812.500000	-60.245193
5859.375000	-59.951176
5906.250000	-59.576130
5953.125000	-59.601357
6000.000000	-59.543297
6046.875000	-59.587963
6093.750000	-59.066071
6140.625000	-59.069443
6187.500000	-59.444530
6234.375000	-59.705830
6281.250000	-59.487602
6328.125000	-59.425163
6375.000000	-59.632187
6421.875000	-59.770500
6468.750000	-58.919697
6515.625000	-57.754936
6562.500000	-60.248539
6609.375000	-60.872936
6656.250000	-59.951870
6703.125000	-59.814262
6750.000000	-59.251236
6796.875000	-58.858025
6843.750000	-58.754242
6890.625000	-59.393677
6937.500000	-60.159050
6984.375000	-60.432629
7031.250000	-60.838966
7078.125000	-60.564407
7125.000000	-60.705269
7171.875000	-60.144222
7218.750000	-60.043110
7265.625000	-59.990295
7312.500000	-59.198509
7359.375000	-59.550507
7406.250000	-60.157372
7453.125000	-60.253796
7500.000000	-60.824409
7546.875000	-60.923706
7593.750000	-61.162388
7640.625000	-60.547756
7687.500000	-60.391685
7734.375000	-59.993942
7781.250000	-59.667915
7828.125000	-59.283524
7875.000000	-60.174343
7921.875000	-60.350792
7968.750000	-60.497066
8015.625000	-60.238228
8062.500000	-60.667782
8109.375000	-60.560291
8156.250000	-60.633430
8203.125000	-60.920887
8250.000000	-60.596928
8296.875000	-60.496742
8343.750000	-61.141895
8390.625000	-60.648022
8437.500000	-59.728298
8484.375000	-60.086258
8531.250000	-60.054192
8578.125000	-60.173923
8625.000000	-61.030308
8671.875000	-61.566238
8718.750000	-61.855782
8765.625000	-62.133083
8812.500000	-62.038662
8859.375000	-61.485481
8906.250000	-61.195736
8953.125000	-61.576683
9000.000000	-61.783531
9046.875000	-61.347038
9093.750000	-61.593864
9140.625000	-62.259808
9187.500000	-62.415287
9234.375000	-61.869480
9281.250000	-61.646503
9328.125000	-61.657452
9375.000000	-61.664196
9421.875000	-61.913403
9468.750000	-61.893051
9515.625000	-61.573685
9562.500000	-61.372349
9609.375000	-61.453606
9656.250000	-61.887543
9703.125000	-62.043148
9750.000000	-60.968487
9796.875000	-61.069218
9843.750000	-61.446152
9890.625000	-61.550671
9937.500000	-61.513187
9984.375000	-60.576473
10031.250000	-60.660339
10078.125000	-60.734921
10125.000000	-60.892231
10171.875000	-61.801517
10218.750000	-61.985489
10265.625000	-62.236275
10312.500000	-62.311924
10359.375000	-61.465294
10406.250000	-61.332413
10453.125000	-62.198090
10500.000000	-62.068356
10546.875000	-61.893326
10593.750000	-61.878014
10640.625000	-61.408245
10687.500000	-61.437702
10734.375000	-61.425102
10781.250000	-61.699509
10828.125000	-62.721798
10875.000000	-62.484154
10921.875000	-61.906322
10968.750000	-61.813675
11015.625000	-62.468262
11062.500000	-61.803753
11109.375000	-61.837410
11156.250000	-62.553410
11203.125000	-61.987614
11250.000000	-61.802216
11296.875000	-61.393288
11343.750000	-61.179668
11390.625000	-61.525063
11437.500000	-61.868744
11484.375000	-62.064152
11531.250000	-62.327602
11578.125000	-61.808571
11625.000000	-62.158447
11671.875000	-62.131607
11718.750000	-61.696987
11765.625000	-62.116844
11812.500000	-62.168327
11859.375000	-61.949509
11906.250000	-61.841869
11953.125000	-61.439602
12000.000000	-61.259586
12046.875000	-61.599854
12093.750000	-61.823788
12140.625000	-61.809933
12187.500000	-61.559750
12234.375000	-61.471298
12281.250000	-61.965210
12328.125000	-61.814472
12375.000000	-61.566227
12421.875000	-61.747974
12468.750000	-61.550640
12515.625000	-61.624165
12562.500000	-61.774860
12609.375000	-61.648842
12656.250000	-62.105347
12703.125000	-62.153667
12750.000000	-62.064400
12796.875000	-61.717918
12843.750000	-61.788692
12890.625000	-62.173737
12937.500000	-62.068382
12984.375000	-59.589836
13031.250000	-57.482044
13078.125000	-61.169979
13125.000000	-61.625122
13171.875000	-61.190781
13218.750000	-61.210323
13265.625000	-62.170647
13312.500000	-61.696651
13359.375000	-61.654869
13406.250000	-61.585987
13453.125000	-61.259823
13500.000000	-61.822823
13546.875000	-62.193150
13593.750000	-62.119987
13640.625000	-61.896946
13687.500000	-62.033577
13734.375000	-62.100479
13781.250000	-62.198772
13828.125000	-62.236980
13875.000000	-61.634548
13921.875000	-61.881832
13968.750000	-61.990585
14015.625000	-62.152180
14062.500000	-62.672531
14109.375000	-61.970905
14156.250000	-61.828342
14203.125000	-62.422195
14250.000000	-62.253849
14296.875000	-61.821205
14343.750000	-61.650009
14390.625000	-62.116032
14437.500000	-61.966488
14484.375000	-61.976364
14531.250000	-62.266727
14578.125000	-62.647751
14625.000000	-62.384724
14671.875000	-61.871082
14718.750000	-61.636387
14765.625000	-61.770763
14812.500000	-62.073696
14859.375000	-61.998585
14906.250000	-62.260242
14953.125000	-62.314449
15000.000000	-62.132923
15046.875000	-61.689568
15093.750000	-61.780327
15140.625000	-61.580284
15187.500000	-62.018654
15234.375000	-61.780983
15281.250000	-61.441975
15328.125000	-61.338306
15375.000000	-61.814453
15421.875000	-61.502224
15468.750000	-61.582291
15515.625000	-61.712635
15562.500000	-61.914650
15609.375000	-62.092457
15656.250000	-62.248356
15703.125000	-62.573898
15750.000000	-62.073555
15796.875000	-62.331448
15843.750000	-62.202690
15890.625000	-62.183990
15937.500000	-62.673378
15984.375000	-62.746098
16031.250000	-62.156326
16078.125000	-61.860203
16125.000000	-61.503170
16171.875000	-61.231186
16218.750000	-61.506741
16265.625000	-61.737797
16312.500000	-61.832409
16359.375000	-61.964554
16406.250000	-62.250565
16453.125000	-62.141178
16500.000000	-62.237324
16546.875000	-61.628323
16593.750000	-61.908436
16640.625000	-61.834038
16687.500000	-61.337749
16734.375000	-61.957211
16781.250000	-61.964657
16828.125000	-62.499786
16875.000000	-63.162117
16921.875000	-62.037373
16968.750000	-61.627972
17015.625000	-61.930607
17062.500000	-61.944096
17109.375000	-61.853447
17156.250000	-62.115971
17203.125000	-62.345596
17250.000000	-62.941570
17296.875000	-62.529217
17343.750000	-62.591511
17390.625000	-62.521393
17437.500000	-62.002670
17484.375000	-62.088364
17531.250000	-62.930984
17578.125000	-62.355549
17625.000000	-61.728180
17671.875000	-62.138607
17718.750000	-62.519470
17765.625000	-62.593502
17812.500000	-62.665932
17859.375000	-62.617313
17906.250000	-62.306271
17953.125000	-62.107582
18000.000000	-62.917175
18046.875000	-62.441193
18093.750000	-61.651913
18140.625000	-62.349377
18187.500000	-63.405304
18234.375000	-63.062531
18281.250000	-62.725937
18328.125000	-62.404263
18375.000000	-62.271107
18421.875000	-62.250050
18468.750000	-62.736252
18515.625000	-62.667156
18562.500000	-62.451473
18609.375000	-62.206715
18656.250000	-61.953346
18703.125000	-62.308685
18750.000000	-62.649181
18796.875000	-62.797058
18843.750000	-62.712208
18890.625000	-62.336300
18937.500000	-61.874004
18984.375000	-61.490345
19031.250000	-62.107391
19078.125000	-62.246067
19125.000000	-62.075359
19171.875000	-62.320896
19218.750000	-62.461590
19265.625000	-62.014938
19312.500000	-62.436855
19359.375000	-62.502136
19406.250000	-61.861828
19453.125000	-61.961056
19500.000000	-60.011024
19546.875000	-58.188118
19593.750000	-61.562054
19640.625000	-62.473629
19687.500000	-62.100765
19734.375000	-61.806129
19781.250000	-62.044029
19828.125000	-62.450283
19875.000000	-63.126160
19921.875000	-62.927410
19968.750000	-61.756847
20015.625000	-61.469379
20062.500000	-61.760929
20109.375000	-62.395252
20156.250000	-62.335583
20203.125000	-61.947781
20250.000000	-61.832642
20296.875000	-62.013634
20343.750000	-61.983696
20390.625000	-62.134209
20437.500000	-62.546135
20484.375000	-62.401600
20531.250000	-62.254131
20578.125000	-62.313942
20625.000000	-62.338505
20671.875000	-62.111691
20718.750000	-62.403976
20765.625000	-62.599438
20812.500000	-62.592503
20859.375000	-62.321053
20906.250000	-62.418247
20953.125000	-61.933182
21000.000000	-61.783920
21046.875000	-61.776211
21093.750000	-62.207840
21140.625000	-61.538933
21187.500000	-61.791534
21234.375000	-62.278790
21281.250000	-62.197243
21328.125000	-61.894653
21375.000000	-62.020279
21421.875000	-62.304890
21468.750000	-62.105904
21515.625000	-62.004398
21562.500000	-62.081825
21609.375000	-62.184654
21656.250000	-62.498993
21703.125000	-62.668968
21750.000000	-62.392704
21796.875000	-62.612755
21843.750000	-62.183231
21890.625000	-62.313057
21937.500000	-62.081566
21984.375000	-61.638988
22031.250000	-62.860382
22078.125000	-61.944061
22125.000000	-61.216743
22171.875000	-61.919090
22218.750000	-62.599495
22265.625000	-62.111706
22312.500000	-61.786926
22359.375000	-61.554962
22406.250000	-61.942417
22453.125000	-61.992744
22500.000000	-62.315903
22546.875000	-62.249554
22593.750000	-61.633579
22640.625000	-61.953758
22687.500000	-62.250298
22734.375000	-62.092037
22781.250000	-62.711739
22828.125000	-62.091198
22875.000000	-61.656860
22921.875000	-62.331078
22968.750000	-62.644238
23015.625000	-62.852936
23062.500000	-62.404617
23109.375000	-62.394176
23156.250000	-61.942394
23203.125000	-61.805237
23250.000000	-62.372192
23296.875000	-62.343231
23343.750000	-61.574970
23390.625000	-62.019859
23437.500000	-62.736141
23484.375000	-62.494946
23531.250000	-62.148235
23578.125000	-61.770824
23625.000000	-62.226391
23671.875000	-61.909142
23718.750000	-61.929462
23765.625000	-61.667248
23812.500000	-61.269539
23859.375000	-61.403816
23906.250000	-61.177231
23953.125000	-61.686527
